, ,  = CEU

        
         CNAG_CRG HMGU ICMB LUMC MPIMG UNIGE UU
  111124        0    0    0    0     0    21  0
  111215        6    0    0    0     0     0  0
  111216       10    0    0    0     0     0  0
  120119        0    0    0    0     0     0  8
  120127        1    0    0    0     0     0  0
  120131        2    5    0    0     0     0  0
  120202        0    0    0    0    12     0  0
  120208        0    0   11    0     0     0  0
  120209        0    0    0    0     0     2  0
  120217        0    0    0    0     0     0  1
  120219        0    0    0   11     0     0  0
  120223        0    0    0    0     1     0  0

, ,  = FIN

        
         CNAG_CRG HMGU ICMB LUMC MPIMG UNIGE UU
  111124        0    0    0    0     0    21  0
  111215        9    0    0    0     0     0  0
  111216        9    0    0    0     0     0  0
  120119        0    0    0    0     0     0  3
  120127        0    0    0    0     0     0  0
  120131        3    9    0    0     0     0  0
  120202        0    0    0    0    13     0  0
  120208        0    0   17    0     0     0  0
  120209        0    0    0    0     0     4  0
  120217        0    0    0    0     0     0  1
  120219        0    0    0    6     0     0  0
  120223        0    0    0    0     0     0  0

, ,  = GBR

        
         CNAG_CRG HMGU ICMB LUMC MPIMG UNIGE UU
  111124        0    0    0    0     0    17  0
  111215        9    0    0    0     0     0  0
  111216        7    0    0    0     0     0  0
  120119        0    0    0    0     0     0  9
  120127        0    0    0    0     0     0  0
  120131        2   12    0    0     0     0  0
  120202        0    0    0    0    11     0  0
  120208        0    0   12    0     0     0  0
  120209        0    0    0    0     0     0  0
  120217        0    0    0    0     0     0  2
  120219        0    0    0   11     0     0  0
  120223        0    0    0    0     2     0  0

, ,  = TSI

        
         CNAG_CRG HMGU ICMB LUMC MPIMG UNIGE UU
  111124        0    0    0    0     0    21  0
  111215       15    0    0    0     0     0  0
  111216        3    0    0    0     0     0  0
  120119        0    0    0    0     0     0  7
  120127        0    0    0    0     0     0  0
  120131        1    9    0    0     0     0  0
  120202        0    0    0    0    14     0  0
  120208        0    0   14    0     0     0  0
  120209        0    0    0    0     0     2  0
  120217        0    0    0    0     0     0  0
  120219        0    0    0    6     0     0  0
  120223        0    0    0    0     1     0  0

, ,  = YRI

        
         CNAG_CRG HMGU ICMB LUMC MPIMG UNIGE UU
  111124        0    0    0    0     0    18  0
  111215        8    0    0    0     0     0  0
  111216        7    0    0    0     0     0  0
  120119        0    0    0    0     0     0  8
  120127        0    0    0    0     0     0  0
  120131        3    8    0    0     0     0  0
  120202        0    0    0    0    10     0  0
  120208        0    0   10    0     0     0  0
  120209        0    0    0    0     0     3  0
  120217        0    0    0    0     0     0  3
  120219        0    0    0    8     0     0  0
  120223        0    0    0    0     3     0  0

